Glasgow election 8
Number of Alternatives: 10
Number of Voters: 10160

ic: 11.823803149606299
m1: 21.12307283464567
m2: 19.018438976377954
m3: 16.71113779527559
m4: 14.029169291338583
m5: 11.003716535433071
m6: 7.664897637795275
m7: 4.1737677165354325
m8: 3.3917499999999996
m9: 7.4399114173228345
m10: 11.809035433070864
walsh: 10.365029527559056
sc: 8.657946850393701
u1: 9.642047244094487
u2: 8.883807086614173
u3: 7.669734251968504
u4: 7.37196062992126
u5: 8.129759842519684
u6: 11.228320866141733
5d_sphere: 5.809478346456693
csp: 10.588714566929134
3d_cube: 6.643517716535433
10d_cube: 5.423964566929134
