Glasgow election 21
Number of Alternatives: 10
Number of Voters: 5410

ic: 11.246809611829944
m1: 20.64717929759704
m2: 18.44819223659889
m3: 16.031449168207022
m4: 13.524125693160812
m5: 10.739726432532347
m6: 7.777597042513863
m7: 4.656839186691312
m8: 4.139497227356747
m9: 7.638158964879852
m10: 11.259112754158965
walsh: 11.251238447319777
sc: 8.697874306839186
u1: 9.62260628465804
u2: 8.90154528650647
u3: 8.130824399260629
u4: 7.866255083179298
u5: 8.490554528650646
u6: 11.295519408502772
5d_sphere: 6.263497227356747
csp: 11.577818853974122
3d_cube: 7.2680887245841035
10d_cube: 5.908539741219963
