Glasgow election 18
Number of Alternatives: 9
Number of Voters: 9567

ic: 6.676711612835789
m1: 19.57008466603951
m2: 17.62875718616076
m3: 15.543938538726872
m4: 13.295476115814779
m5: 10.886192118741507
m6: 8.199027908435246
m7: 5.320167241559528
m8: 3.269238005644403
m9: 3.753738894115188
m10: 6.682571338977736
walsh: 11.365619316400124
sc: 8.643804745479251
u1: 5.08999268318177
u2: 4.685790738998642
u3: 4.392033030208006
u4: 5.085880631336887
u5: 6.696306052053935
u6: 9.80763875823142
5d_sphere: 4.800459914288701
csp: 7.919523361555346
3d_cube: 5.374311696456569
10d_cube: 4.234811330615658
