Glasgow election 14
Number of Alternatives: 8
Number of Voters: 9901

ic: 5.91077062922937
m1: 14.791782648217351
m2: 13.11059286940713
m3: 11.271538228461772
m4: 9.334834865165135
m5: 7.259145540854459
m6: 5.113653166346833
m7: 3.3514937885062115
m8: 2.3375214624785374
m9: 3.7166528633471363
m10: 5.914772245227755
walsh: 7.701052418947581
sc: 6.442836077163923
u1: 4.643462276537723
u2: 4.264702555297444
u3: 3.8051368548631452
u4: 4.058640541359459
u5: 5.1438723361276635
u6: 7.919557620442379
5d_sphere: 3.8712998687001314
csp: 5.473002726997273
3d_cube: 4.0395758004242
10d_cube: 3.3287890112109886
