Glasgow election 3
Number of Alternatives: 10
Number of Voters: 5199

ic: 9.09606462781304
m1: 22.658257357184073
m2: 20.539799961531063
m3: 18.256707059049816
m4: 15.689717253317946
m5: 12.885024043085208
m6: 9.584123869974995
m7: 6.056822465858819
m8: 3.3722446624350835
m9: 5.107082131179073
m10: 9.085885747259088
walsh: 13.190644354683593
sc: 9.809163300634737
u1: 7.302862088863242
u2: 6.69955760723216
u3: 6.146116560877092
u4: 6.4652394691286785
u5: 8.367624543181382
u6: 11.811933064050779
5d_sphere: 5.745778034237353
csp: 10.60465089440277
3d_cube: 6.651602231198307
10d_cube: 4.880530871321408
