Glasgow election 4
Number of Alternatives: 11
Number of Voters: 8624

ic: 10.812098794063079
m1: 28.413532003710575
m2: 25.94316094619666
m3: 23.258272263450834
m4: 20.29165352504638
m5: 16.832166048237475
m6: 12.840016233766233
m7: 8.036866883116883
m8: 3.998668831168831
m9: 5.451723098330241
m10: 10.817353896103896
walsh: 16.20769944341373
sc: 12.050496289424862
u1: 8.580600649350648
u2: 7.799512987012987
u3: 7.156159554730983
u4: 7.876563079777365
u5: 10.235433673469387
u6: 14.63308905380334
5d_sphere: 6.917796846011131
csp: 12.217247217068646
3d_cube: 7.874526901669759
10d_cube: 5.897138218923933
