Glasgow election 16
Number of Alternatives: 10
Number of Voters: 8363

ic: 11.255228984814062
m1: 21.03950017936147
m2: 18.854399139064927
m3: 16.578438359440394
m4: 14.072356809757265
m5: 11.273614731555663
m6: 8.138899916297978
m7: 4.976802582805213
m8: 3.6709290924309457
m9: 7.0807557096735625
m10: 11.258074853521462
walsh: 11.451995695324644
sc: 8.769348319980868
u1: 9.358400095659452
u2: 8.597326318306827
u3: 7.376754753079038
u4: 7.263876599306469
u5: 7.946588544780581
u6: 11.575917732870979
5d_sphere: 6.133681693172306
csp: 11.24288891546096
3d_cube: 7.003214157598948
10d_cube: 5.641150304914504
