Glasgow election 19
Number of Alternatives: 11
Number of Voters: 8803

ic: 12.437871180279448
m1: 26.978398273315918
m2: 24.547683744178123
m3: 21.950566852209473
m4: 18.958025673066
m5: 15.535767352039079
m6: 11.484337157787118
m7: 6.835065318641372
m8: 3.099865954788141
m9: 6.628344882426445
m10: 12.43908213109167
walsh: 14.899906849937521
sc: 11.15322276496649
u1: 9.961401794842667
u2: 8.980493013745313
u3: 7.865086902192434
u4: 8.203512438941269
u5: 9.400992843348858
u6: 14.129796660229468
5d_sphere: 6.340595251618766
csp: 12.427127115755992
3d_cube: 7.532759286606839
10d_cube: 5.69174599568329
