Glasgow election 7
Number of Alternatives: 13
Number of Voters: 9078

ic: 16.212672394800617
m1: 39.4977550121172
m2: 36.63124256444151
m3: 33.51005507821106
m4: 29.851328486450758
m5: 25.421224939413968
m6: 19.85512007050011
m7: 12.97150473672615
m8: 5.669167217448777
m9: 6.955053976646838
m10: 16.222991848424762
walsh: 23.249907468605418
sc: 16.433538224278475
u1: 12.894188147168979
u2: 11.863148270544173
u3: 10.785937431152236
u4: 11.378014981273408
u5: 13.995990306234853
u6: 20.79793346552104
5d_sphere: 9.086038775060587
csp: 17.79296100462657
3d_cube: 10.682139237717559
10d_cube: 7.888640669751046
