Glasgow election 17
Number of Alternatives: 9
Number of Voters: 12744

ic: 8.849982736974262
m1: 18.423587570621468
m2: 16.48
m3: 14.410222849968614
m4: 12.137468612680477
m5: 9.657834274952918
m6: 6.862995919648462
m7: 3.9633662900188327
m8: 2.8685891399874452
m9: 5.582534526051475
m10: 8.860163214061519
walsh: 9.271581920903953
sc: 7.481451663527935
u1: 7.2578468298807275
u2: 6.526781230382925
u3: 5.840320150659133
u4: 5.8832015065913374
u5: 6.8130335844318894
u6: 9.397939422473321
5d_sphere: 4.612197112366604
csp: 7.196038920276209
3d_cube: 4.851107972379159
10d_cube: 4.3474576271186445
