Glasgow election 1
Number of Alternatives: 9
Number of Voters: 6900

ic: 7.695327536231883
m1: 19.277710144927536
m2: 17.341771014492753
m3: 15.335991304347825
m4: 13.072089855072463
m5: 10.521802898550725
m6: 7.680005797101449
m7: 5.051921739130434
m8: 3.112942028985507
m9: 4.533750724637681
m10: 7.701124637681159
walsh: 10.37492463768116
sc: 8.278666666666666
u1: 6.1406086956521735
u2: 5.504623188405797
u3: 5.076339130434783
u4: 5.403765217391305
u5: 6.911823188405797
u6: 10.362605797101448
5d_sphere: 4.838226086956522
csp: 7.441284057971014
3d_cube: 5.39219420289855
10d_cube: 4.319675362318841
