Glasgow election 6
Number of Alternatives: 10
Number of Voters: 8680

ic: 10.873518433179722
m1: 21.61742396313364
m2: 19.410582949308754
m3: 17.011716589861752
m4: 14.329723502304146
m5: 11.348216589861751
m6: 8.033866359447005
m7: 4.563589861751152
m8: 3.046771889400922
m9: 6.608887096774193
m10: 10.882990783410138
walsh: 11.137831797235023
sc: 9.026877880184331
u1: 8.860778801843317
u2: 8.055910138248848
u3: 7.025509216589862
u4: 7.142907834101383
u5: 8.245476958525346
u6: 11.415414746543778
5d_sphere: 5.729827188940092
csp: 10.721928571428572
3d_cube: 6.608610599078341
10d_cube: 5.159997695852534
