Glasgow election 5
Number of Alternatives: 10
Number of Voters: 11052

ic: 10.121169019182048
m1: 22.58281758957655
m2: 20.378981179876945
m3: 18.04433405718422
m4: 15.53367354325009
m5: 12.625785378212088
m6: 9.36621245023525
m7: 5.664616359030041
m8: 3.333356858487152
m9: 5.980309446254072
m10: 10.111626854867897
walsh: 11.850908432862829
sc: 9.1292671009772
u1: 8.120103148751358
u2: 7.263818313427435
u3: 6.545734708650019
u4: 6.6924140427072025
u5: 8.278463626492943
u6: 11.510117625769093
5d_sphere: 5.801532754252625
csp: 10.03799674267101
3d_cube: 6.423213897937026
10d_cube: 5.017598624683315
