Glasgow election 15
Number of Alternatives: 9
Number of Voters: 8654

ic: 8.393226253755488
m1: 17.972230182574535
m2: 16.075377859949157
m3: 14.058615669054772
m4: 11.83183267853016
m5: 9.313136122024497
m6: 6.770311994453432
m7: 4.25624913334874
m8: 3.3473723133810953
m9: 5.323552114629073
m10: 8.386859255835452
walsh: 9.1742454356367
sc: 7.5726762190894386
u1: 6.742569909868268
u2: 6.162068407672752
u3: 5.442502888837532
u4: 5.410868962329558
u5: 6.458560203374162
u6: 8.869653339496187
5d_sphere: 4.684945689854403
csp: 7.560827363069101
3d_cube: 5.345417148139589
10d_cube: 4.3949849780448345
