Glasgow election 9
Number of Alternatives: 11
Number of Voters: 9560

ic: 11.469115062761505
m1: 28.111692468619246
m2: 25.67260251046025
m3: 23.056907949790794
m4: 20.047677824267783
m5: 16.487384937238495
m6: 12.401037656903766
m7: 7.709939330543933
m8: 3.9302782426778244
m9: 5.830357740585774
m10: 11.442608786610878
walsh: 16.00330962343096
sc: 12.166690376569038
u1: 9.040487447698744
u2: 8.35778870292887
u3: 7.585615062761506
u4: 8.173598326359832
u5: 10.01355230125523
u6: 15.229694560669456
5d_sphere: 6.936089958158996
csp: 12.893581589958158
3d_cube: 8.298679916317992
10d_cube: 6.20807949790795
