Glasgow election 12
Number of Alternatives: 8
Number of Voters: 9334

ic: 6.35680951360617
m1: 14.444163274051853
m2: 12.759479322905507
m3: 10.962234840368545
m4: 8.975238911506322
m5: 6.953940432826227
m6: 4.827347332333405
m7: 3.298459395757446
m8: 2.656556674523248
m9: 4.1809170773516176
m10: 6.346863081208484
walsh: 7.611943432611956
sc: 6.1578937218770085
u1: 5.174722519820012
u2: 4.730649239340047
u3: 4.148281551317763
u4: 4.398482965502464
u5: 5.453664023998286
u6: 7.524975358902935
5d_sphere: 3.832584101135633
csp: 5.183244053996143
3d_cube: 3.978266552389115
10d_cube: 3.4883972573387614
