Glasgow election 10
Number of Alternatives: 9
Number of Voters: 8682

ic: 7.01742225293711
m1: 19.001336097673345
m2: 17.108887353144436
m3: 15.0203800967519
m4: 12.7701266989173
m5: 10.220066804883666
m6: 7.553384012900254
m7: 4.782990094448284
m8: 2.4633102971665517
m9: 3.9018521078092605
m10: 7.013457728633955
walsh: 10.904782308223911
sc: 8.124521999539276
u1: 5.353077631882055
u2: 4.769509329647547
u3: 4.484139599170698
u4: 4.979318129463257
u5: 6.416344160331721
u6: 9.9264731628657
5d_sphere: 4.499580741764571
csp: 7.832932504031329
3d_cube: 4.9199424095830455
10d_cube: 4.047196498502649
