Glasgow election 13
Number of Alternatives: 11
Number of Voters: 9567

ic: 10.147287550956412
m1: 29.55464408905613
m2: 27.126781645238843
m3: 24.5878227239469
m4: 21.681202048709103
m5: 18.097501829204557
m6: 13.879793038570085
m7: 9.211207275007839
m8: 4.588194836416849
m9: 4.6243169227553045
m10: 10.128817811226089
walsh: 16.872505487613672
sc: 12.597934566739834
u1: 7.681482178321312
u2: 6.857156893488032
u3: 6.475446848541862
u4: 7.349564126685482
u5: 9.831119473189087
u6: 15.431259537995192
5d_sphere: 6.5818751959862025
csp: 11.883428451970314
3d_cube: 7.587764189401066
10d_cube: 5.715743702310024
