Glasgow election 11
Number of Alternatives: 10
Number of Voters: 8984

ic: 10.592531166518253
m1: 22.414886464826356
m2: 20.20823909171861
m3: 17.829314336598397
m4: 15.237965271593945
m5: 12.246582813891361
m6: 8.769768477292965
m7: 5.443170080142476
m8: 3.5726246660730188
m9: 6.4375690115761355
m10: 10.586162065894923
walsh: 11.802063668744434
sc: 8.602183882457702
u1: 8.621883348174533
u2: 7.9689158504007125
u3: 7.2020547640249335
u4: 7.049354407836153
u5: 8.500678984861977
u6: 11.529690560997329
5d_sphere: 5.3144211932324135
csp: 9.151117542297417
3d_cube: 5.7702493321460375
10d_cube: 4.97543410507569
