Glasgow election 2
Number of Alternatives: 11
Number of Voters: 10376

ic: 11.457417116422512
m1: 27.87182729375482
m2: 25.45432729375482
m3: 22.754198149575945
m4: 19.702754433307632
m5: 16.18940632228219
m6: 12.235227447956824
m7: 7.959809175019275
m8: 4.190291056283732
m9: 5.822902852737085
m10: 11.446937162683113
walsh: 15.90376831148805
sc: 11.825044333076331
u1: 9.043496530454895
u2: 8.238033924441018
u3: 7.193912875867386
u4: 7.844304163454125
u5: 9.757989591364687
u6: 14.116116037008481
5d_sphere: 6.899726291441789
csp: 12.692806476484193
3d_cube: 7.958504240555127
10d_cube: 6.075971472629144
