Glasgow election 20
Number of Alternatives: 9
Number of Voters: 8738

ic: 5.559386587319753
m1: 20.03740901808194
m2: 18.090066376745252
m3: 16.04959487296864
m4: 13.945703822384985
m5: 11.568175783932249
m6: 8.81119478141451
m7: 5.887807278553444
m8: 3.260803387502861
m9: 3.145612268253605
m10: 5.566644541084917
walsh: 11.659546807049669
sc: 9.080329594872968
u1: 4.1912382696269175
u2: 3.9471892881666286
u3: 4.1375143053330286
u4: 4.880226596475166
u5: 6.698400091554131
u6: 10.553561455710689
5d_sphere: 4.96831311512932
csp: 7.492563515678645
3d_cube: 5.373199816891737
10d_cube: 4.054742504005493
