Glasgow election 3
Number of Alternatives: 7
Number of Voters: 504

ic: 7.285753968253968
m1: 8.179484126984127
m2: 6.754444444444445
m3: 5.276269841269841
m4: 3.8573015873015875
m5: 3.0078174603174603
m6: 2.589960317460317
m7: 3.1337301587301587
m8: 4.425833333333333
m9: 6.140674603174603
m10: 7.3173015873015865
walsh: 3.4904761904761905
sc: 4.004761904761905
u1: 6.663452380952381
u2: 6.168690476190476
u3: 5.5632142857142854
u4: 4.901825396825397
u5: 4.904404761904762
u6: 5.336825396825397
5d_sphere: 4.22313492063492
csp: 5.282936507936507
3d_cube: 4.336309523809524
10d_cube: 4.197460317460317
