Glasgow election 7
Number of Alternatives: 4
Number of Voters: 403

ic: 3.103126550868486
m1: 1.1066997518610424
m2: 0.6150868486352359
m3: 0.4759305210918115
m4: 0.7807940446650123
m5: 1.2904218362282878
m6: 1.7694789081885856
m7: 2.219503722084367
m8: 2.619156327543424
m9: 2.943821339950372
m10: 3.0901240694789083
walsh: 1.8059057071960298
sc: 1.7653598014888336
u1: 2.8965260545905704
u2: 2.742928039702233
u3: 2.4902233250620345
u4: 2.210124069478908
u5: 1.9965260545905705
u6: 1.5015384615384615
5d_sphere: 1.9811910669975186
csp: 2.3961290322580644
3d_cube: 2.0891315136476427
10d_cube: 2.0161290322580645
