Glasgow election 6
Number of Alternatives: 5
Number of Voters: 436

ic: 4.504082568807339
m1: 3.0364220183486235
m2: 2.175045871559633
m3: 1.6055963302752292
m4: 1.2464678899082566
m5: 1.4457798165137616
m6: 2.0570183486238536
m7: 2.7543119266055047
m8: 3.458623853211009
m9: 4.104862385321101
m10: 4.486192660550459
walsh: 1.1790825688073394
sc: 2.173532110091743
u1: 4.18559633027523
u2: 3.940963302752294
u3: 3.584311926605505
u4: 3.215963302752294
u5: 2.8504587155963304
u6: 2.751376146788991
5d_sphere: 2.8304128440366974
csp: 2.8672935779816515
3d_cube: 2.681422018348624
10d_cube: 2.8926605504587157
