Glasgow election 1
Number of Alternatives: 4
Number of Voters: 475

ic: 2.344505263157895
m1: 2.0153263157894736
m2: 1.5152
m3: 1.1907789473684212
m4: 1.031157894736842
m5: 0.997642105263158
m6: 1.204421052631579
m7: 1.5352000000000001
m8: 1.8634526315789475
m9: 2.165978947368421
m10: 2.3382315789473687
walsh: 1.7122105263157894
sc: 1.3946947368421052
u1: 2.146357894736842
u2: 2.0833263157894737
u3: 1.8490105263157897
u4: 1.7872842105263158
u5: 1.7270736842105263
u6: 1.701221052631579
5d_sphere: 1.5682947368421054
csp: 1.9506947368421053
3d_cube: 1.4897684210526316
10d_cube: 1.5621052631578949
