Glasgow election 8
Number of Alternatives: 8
Number of Voters: 143

ic: 5.782377622377622
m1: 13.562517482517482
m2: 11.921398601398602
m3: 10.185314685314685
m4: 8.273566433566433
m5: 6.246293706293707
m6: 4.154265734265734
m7: 2.478041958041958
m8: 2.693846153846154
m9: 4.406713286713287
m10: 5.766013986013985
walsh: 6.828111888111888
sc: 5.6162237762237766
u1: 5.184615384615385
u2: 4.7806993006993
u3: 4.404475524475524
u4: 4.345034965034965
u5: 5.153846153846154
u6: 7.247972027972028
5d_sphere: 3.606713286713287
csp: 6.088391608391609
3d_cube: 4.108531468531469
10d_cube: 3.40013986013986
