Glasgow election 4
Number of Alternatives: 8
Number of Voters: 421

ic: 10.886128266033253
m1: 9.056532066508312
m2: 7.412779097387173
m3: 5.697387173396675
m4: 4.223610451306413
m5: 3.235581947743468
m6: 3.10916864608076
m7: 4.415106888361045
m8: 6.72437054631829
m9: 9.193064133016627
m10: 10.880902612826603
walsh: 3.8136342042755347
sc: 5.3523515439429925
u1: 10.004893111638955
u2: 9.464513064133016
u3: 8.500522565320665
u4: 7.5017577197149645
u5: 6.888598574821852
u6: 6.7404750593824225
5d_sphere: 6.154916864608076
csp: 7.841377672209026
3d_cube: 6.658812351543943
10d_cube: 6.456484560570071
