Glasgow election 2
Number of Alternatives: 5
Number of Voters: 488

ic: 4.374959016393443
m1: 3.752622950819672
m2: 2.8522950819672133
m3: 2.1803688524590163
m4: 1.7336475409836065
m5: 1.7043852459016393
m6: 2.065327868852459
m7: 2.60155737704918
m8: 3.30311475409836
m9: 3.9610245901639343
m10: 4.369713114754098
walsh: 1.2986885245901638
sc: 2.250450819672131
u1: 4.044549180327868
u2: 3.8511475409836065
u3: 3.4554098360655736
u4: 3.192950819672131
u5: 2.877377049180328
u6: 2.871311475409836
5d_sphere: 2.802868852459016
csp: 2.8975
3d_cube: 2.7079918032786883
10d_cube: 2.878360655737705
