Glasgow election 5
Number of Alternatives: 9
Number of Voters: 482

ic: 9.67058091286307
m1: 16.726016597510373
m2: 14.783112033195021
m3: 12.699792531120332
m4: 10.360580912863071
m5: 7.870414937759336
m6: 5.318589211618257
m7: 3.602780082987552
m8: 4.365601659751038
m9: 7.237966804979252
m10: 9.636597510373443
walsh: 8.416929460580912
sc: 6.578755186721992
u1: 8.394937759336099
u2: 7.830912863070539
u3: 6.878423236514522
u4: 6.482323651452282
u5: 6.960207468879668
u6: 9.308423236514523
5d_sphere: 5.309502074688797
csp: 7.788257261410789
3d_cube: 5.64655601659751
10d_cube: 5.233734439834024
