minneapolis election 2
Number of Alternatives: 9
Number of Voters: 36655

ic: 6.917797299140634
m1: 19.79791406356568
m2: 17.885302414404585
m3: 15.887162460782976
m4: 13.643243213749829
m5: 11.046366934933843
m6: 8.18671777383713
m7: 5.144588187150457
m8: 2.7443628427226847
m9: 3.5740990315100256
m10: 6.917140908470876
walsh: 10.830875460373756
sc: 8.623137361887874
u1: 5.349829491201746
u2: 4.7950609739462555
u3: 4.7289013777110895
u4: 5.593923339244305
u5: 6.855639885418088
u6: 10.216522166143774
5d_sphere: 4.892630200518346
csp: 8.479788841904242
3d_cube: 5.714126312917746
10d_cube: 4.2203492020188245

top 3:
m8: 2.7443628427226847
m9: 3.5740990315100256
10d_cube: 4.2203492020188245