minneapolis election 4
Number of Alternatives: 7
Number of Voters: 32086

ic: 5.540814062207816
m1: 9.479626005111264
m2: 8.064668079536245
m3: 6.604290344698622
m4: 5.183811631241039
m5: 3.756262544411893
m6: 2.630919404101477
m7: 2.076645889172848
m8: 2.570827775353737
m9: 4.00102910926884
m10: 5.541456086766814
walsh: 4.985624883126597
sc: 4.062212179766877
u1: 4.634577074113321
u2: 4.409992520102225
u3: 4.098378108832513
u4: 4.036206445178583
u5: 4.339849778719691
u6: 5.399007666895219
5d_sphere: 3.1995293897650066
csp: 5.695441002306302
3d_cube: 3.706938228510877
10d_cube: 2.910981113258119

top 3:
m7: 2.076645889172848
m8: 2.570827775353737
m6: 2.630919404101477