apa election 11
Number of Alternatives: 5
Number of Voters: 18286

ic: 2.047653942907142
m1: 5.43105873345729
m2: 4.538560647489883
m3: 3.62434102592147
m4: 2.7013496664114625
m5: 1.8732210434211964
m6: 1.2982915891939188
m7: 0.8474045718035657
m8: 0.9197539100951547
m9: 1.500914360713114
m10: 2.04850158591272
walsh: 2.6054949141419663
sc: 2.254394618834081
u1: 1.5747380509679536
u2: 1.4074844143060266
u3: 1.3405162419337198
u4: 1.4730744832111997
u5: 1.9547446133654163
u6: 3.0352160122498084
5d_sphere: 1.361405446789894
csp: 2.0376736300995297
3d_cube: 1.4950694520398118
10d_cube: 1.2959783440883736

top 3:
m7: 0.8474045718035657
m8: 0.9197539100951547
m6: 1.2982915891939188