apa election 9
Number of Alternatives: 5
Number of Voters: 16836

ic: 1.9673722974578285
m1: 5.261762889047279
m2: 4.370773342836778
m3: 3.5224910905203135
m4: 2.6604846756949394
m5: 1.8123532905678308
m6: 1.077808267997149
m7: 0.7270111665478736
m8: 0.9553219291993348
m9: 1.4508422428130197
m10: 1.9705713946305536
walsh: 2.449782608695652
sc: 2.2923580422903305
u1: 1.5645248277500594
u2: 1.4288845331432645
u3: 1.3428118317890234
u4: 1.494008077928249
u5: 1.9451698740793537
u6: 2.892529104300309
5d_sphere: 1.2864682822523164
csp: 2.0404038964124496
3d_cube: 1.499008077928249
10d_cube: 1.2714599667379425

top 3:
m7: 0.7270111665478736
m8: 0.9553219291993348
m6: 1.077808267997149