apa election 12
Number of Alternatives: 5
Number of Voters: 15313

ic: 1.502354861882061
m1: 5.952292823091491
m2: 5.060569450793444
m3: 4.140864624828577
m4: 3.271146085025795
m5: 2.4502670933194017
m6: 1.6925775484882128
m7: 1.0108587474694706
m8: 0.6829439038725265
m9: 0.9414732580160649
m10: 1.504607849539607
walsh: 2.8329837393064716
sc: 2.694288513028146
u1: 1.0763090184810293
u2: 1.0304251289753805
u3: 1.152045974009012
u4: 1.4837223274342062
u5: 2.225091099066153
u6: 3.4023509436426567
5d_sphere: 1.5723907790766016
csp: 2.246214327695422
3d_cube: 1.7390687651015477
10d_cube: 1.4803056226735454

top 3:
m8: 0.6829439038725265
m9: 0.9414732580160649
m7: 1.0108587474694706