apa election 4
Number of Alternatives: 5
Number of Voters: 17911

ic: 1.226037630506393
m1: 5.970585673608397
m2: 5.109785048294344
m3: 4.316104070124505
m4: 3.473179610295349
m5: 2.64048573502317
m6: 1.867870024007593
m7: 1.1775087934788677
m8: 0.6557478644408464
m9: 0.868101166880688
m10: 1.2267489252414718
walsh: 3.214259393668695
sc: 2.7602244430796716
u1: 0.9293540282507956
u2: 0.9194852325386634
u3: 1.133289040254592
u4: 1.5062252247222376
u5: 2.04898888950924
u6: 3.262026687510468
5d_sphere: 1.6914823292948467
csp: 2.4780671095974545
3d_cube: 1.7366556864496678
10d_cube: 1.4224677572441515

top 3:
m8: 0.6557478644408464
m9: 0.868101166880688
u2: 0.9194852325386634