apa election 8
Number of Alternatives: 5
Number of Voters: 14506

ic: 1.9742837446573827
m1: 5.6459754584309945
m2: 4.756520060664553
m3: 3.8362139804218947
m4: 2.9148504067282506
m5: 2.03093754308562
m6: 1.261166413897698
m7: 0.763471666896457
m8: 0.7866510409485729
m9: 1.3891520750034465
m10: 1.9789314766303594
walsh: 2.7600000000000002
sc: 2.2939900730732115
u1: 1.5044809044533294
u2: 1.3506452502412793
u3: 1.303441334620157
u4: 1.5548379980697642
u5: 2.0900909968288985
u6: 3.1073569557424516
5d_sphere: 1.4439321660002757
csp: 2.4761988142837446
3d_cube: 1.6326637253550256
10d_cube: 1.1877623052529989

top 3:
m7: 0.763471666896457
m8: 0.7866510409485729
10d_cube: 1.1877623052529989