apa election 7
Number of Alternatives: 5
Number of Voters: 16245

ic: 2.1920049245921818
m1: 5.242692520775623
m2: 4.352922129886119
m3: 3.4318239458294864
m4: 2.50939242843952
m5: 1.6735980301631272
m6: 0.9073228685749463
m7: 0.5344783010156972
m8: 0.9247743921206525
m9: 1.5993240997229914
m10: 2.189908279470606
walsh: 2.5162326869806093
sc: 2.0482733148661127
u1: 1.7123693444136656
u2: 1.5696842105263156
u3: 1.4480861803631886
u4: 1.5783182517697754
u5: 1.9778011695906432
u6: 2.753546321945214
5d_sphere: 1.4359322868574946
csp: 2.5408297937827022
3d_cube: 1.6449073561095722
10d_cube: 1.2124136657433056

top 3:
m7: 0.5344783010156972
m6: 0.9073228685749463
m8: 0.9247743921206525