apa election 6
Number of Alternatives: 5
Number of Voters: 17956

ic: 3.6170037870349745
m1: 3.7025952327912672
m2: 2.9927734462018267
m3: 2.4106883492982845
m4: 1.899749387391401
m5: 1.6355301848964134
m6: 1.6296524838494095
m7: 2.021912452662063
m8: 2.5732646469146805
m9: 3.1229015370906663
m10: 3.618763644464246
walsh: 2.441392292269993
sc: 2.392347961684117
u1: 3.159654711517042
u2: 2.984283804856316
u3: 2.7914145689463132
u4: 2.570647137447093
u5: 2.559577856983738
u6: 2.8362486077077302
5d_sphere: 2.2927701047003786
csp: 3.1096970372020496
3d_cube: 2.3890877701047004
10d_cube: 2.2686333259077744

top 3:
m6: 1.6296524838494095
m5: 1.6355301848964134
m4: 1.899749387391401