apa election 1
Number of Alternatives: 5
Number of Voters: 18723

ic: 1.526000106820488
m1: 5.704290979009774
m2: 4.844927629119265
m3: 4.025791806868558
m4: 3.2082059499011915
m5: 2.414411152058965
m6: 1.6868429204721467
m7: 1.0566383592373019
m8: 0.9498232120920792
m9: 1.1234791432996847
m10: 1.5246616461037226
walsh: 3.1427912193558725
sc: 2.6292239491534475
u1: 1.1985974469903327
u2: 1.1526251134967687
u3: 1.2726657052822732
u4: 1.5413448699460557
u5: 1.9439320621695242
u6: 3.2386818351759867
5d_sphere: 1.5802115045665759
csp: 2.1579853655931207
3d_cube: 1.6491021737969342
10d_cube: 1.37970410724777

top 3:
m8: 0.9498232120920792
m7: 1.0566383592373019
m9: 1.1234791432996847