apa election 5
Number of Alternatives: 5
Number of Voters: 17094

ic: 1.3558745758745758
m1: 5.874333684333684
m2: 4.9847724347724345
m3: 4.066900666900667
m4: 3.2305276705276706
m5: 2.3983561483561484
m6: 1.5532385632385632
m7: 0.7917245817245817
m8: 0.5213455013455013
m9: 0.8788791388791388
m10: 1.3582368082368081
walsh: 2.9814905814905814
sc: 2.6015631215631214
u1: 1.0347607347607346
u2: 0.9781104481104481
u3: 1.1008938808938808
u4: 1.5207534807534808
u5: 2.092063882063882
u6: 3.3566561366561367
5d_sphere: 1.485934245934246
csp: 2.026807066807067
3d_cube: 1.6395659295659295
10d_cube: 1.24003276003276

top 3:
m8: 0.5213455013455013
m7: 0.7917245817245817
m9: 0.8788791388791388