apa election 10
Number of Alternatives: 5
Number of Voters: 13318

ic: 1.8761405616458926
m1: 5.465244030635231
m2: 4.574330980627722
m3: 3.6543520048055265
m4: 2.779639585523352
m5: 1.983312809731191
m6: 1.268537317915603
m7: 0.7500555638984832
m8: 0.7265370175702056
m9: 1.2987145216999547
m10: 1.8749541973269257
walsh: 2.5787851028682987
sc: 2.405984382039345
u1: 1.4183090554137257
u2: 1.2956930470040544
u3: 1.27796666166091
u4: 1.514024628322571
u5: 2.0204520198227964
u6: 2.9497912599489413
5d_sphere: 1.5054437603243729
csp: 2.0117014566751763
3d_cube: 1.5859468388646945
10d_cube: 1.2754783000450518

top 3:
m8: 0.7265370175702056
m7: 0.7500555638984832
m6: 1.268537317915603