apa election 3
Number of Alternatives: 5
Number of Voters: 20239

ic: 1.7513454222046543
m1: 5.59979149167449
m2: 4.711252532239735
m3: 3.7935392064825337
m4: 2.9233598497949504
m5: 2.1124146449923416
m6: 1.3491753545135632
m7: 0.7274381145313504
m8: 0.7539186718711398
m9: 1.2140283610850338
m10: 1.7504975542269874
walsh: 2.5824013044122736
sc: 2.3682790651712042
u1: 1.3328613073768465
u2: 1.2626473640001976
u3: 1.2592469983694847
u4: 1.492601413113296
u5: 1.9961826177182667
u6: 3.133847522110776
5d_sphere: 1.410335490883937
csp: 2.254124215623302
3d_cube: 1.6113889026137656
10d_cube: 1.2582370670487673

top 3:
m7: 0.7274381145313504
m8: 0.7539186718711398
m9: 1.2140283610850338