apa election 2
Number of Alternatives: 5
Number of Voters: 17469

ic: 1.239070353197092
m1: 6.034322514167955
m2: 5.141282271452287
m3: 4.224561222737421
m4: 3.369377754880073
m5: 2.546587669586124
m6: 1.8064731810635983
m7: 1.176912244547484
m8: 0.7136058160169443
m9: 0.7787314671704161
m10: 1.2391264525731294
walsh: 3.1475081573072297
sc: 2.835797126338085
u1: 0.9171561051004636
u2: 0.9423905203503349
u3: 1.1366157192741428
u4: 1.5933356231037838
u5: 2.1951445417596887
u6: 3.3751033258915792
5d_sphere: 1.6444375751330929
csp: 1.901939435571584
3d_cube: 1.7472139218043392
10d_cube: 1.4990234129028566

top 3:
m8: 0.7136058160169443
m9: 0.7787314671704161
u1: 0.9171561051004636