uklabor election 1
Number of Alternatives: 5
Number of Voters: 266

ic: 4.132556390977443
m1: 2.983308270676692
m2: 2.3493984962406014
m3: 1.882706766917293
m4: 1.6280451127819549
m5: 1.6065413533834585
m6: 1.8317293233082705
m7: 2.45609022556391
m8: 3.235488721804511
m9: 3.8341353383458645
m10: 4.146616541353383
walsh: 2.2606766917293233
sc: 2.4245112781954887
u1: 3.8381203007518794
u2: 3.6781954887218045
u3: 3.2717293233082705
u4: 3.075563909774436
u5: 2.810300751879699
u6: 2.7742105263157892
5d_sphere: 2.6366917293233083
csp: 3.165263157894737
3d_cube: 2.6270676691729324
10d_cube: 2.7526315789473683

top 3:
1. m5: 1.6065413533834585
2. m4: 1.6280451127819549
3. m6: 1.8317293233082705
